// Parsing logo2d.obj for obj data
// Autogenerated by parser.py, scanning included obj file

/** @global Array of vertex position data, 351 vertices */
var vertex_data = [
	0.96784, -1.137038, 0.0,
	-0.96784, -1.137038, 0.0,
	0.96784, 1.152229, 0.0,
	-0.96784, 1.152229, 0.0,
	-0.96784, -2.494854, 0.0,
	0.96784, -2.494854, 0.0,
	-1.719309, -1.137038, 0.0,
	-1.719309, -2.494854, 0.0,
	0.96784, 2.494854, 0.0,
	-0.96784, 2.494854, 0.0,
	1.719309, -2.494854, 0.0,
	1.719309, -1.137038, 0.0,
	-1.719309, 2.494854, 0.0,
	-1.719309, 1.152229, 0.0,
	1.719309, 1.152229, 0.0,
	1.719309, 2.494854, 0.0,
	0.0, -2.494854, 0.0,
	0.0, 2.494854, 0.0,
	0.0, 1.152229, 0.0,
	0.0, -1.137038, 0.0,
	0.96784, 0.007596, 0.0,
	-0.96784, 0.007596, 0.0,
	0.0, 0.007596, 0.0,
	0.193568, -2.494854, 0.0,
	0.387136, -2.494854, 0.0,
	0.580704, -2.494854, 0.0,
	0.774272, -2.494854, 0.0,
	-1.719309, -1.408601, 0.0,
	-1.719309, -1.680164, 0.0,
	-1.719309, -1.951728, 0.0,
	-1.719309, -2.223291, 0.0,
	-0.193568, 2.494854, 0.0,
	-0.387136, 2.494854, 0.0,
	-0.580704, 2.494854, 0.0,
	-0.774272, 2.494854, 0.0,
	0.96784, 0.236522, 0.0,
	0.96784, 0.465449, 0.0,
	0.96784, 0.694376, 0.0,
	0.96784, 0.923302, 0.0,
	1.719309, -2.223291, 0.0,
	1.719309, -1.951728, 0.0,
	1.719309, -1.680164, 0.0,
	1.719309, -1.408601, 0.0,
	-0.96784, -0.221331, 0.0,
	-0.96784, -0.450258, 0.0,
	-0.96784, -0.679184, 0.0,
	-0.96784, -0.908111, 0.0,
	-1.719309, 2.226329, 0.0,
	-1.719309, 1.957804, 0.0,
	-1.719309, 1.689279, 0.0,
	-1.719309, 1.420754, 0.0,
	1.719309, 1.420754, 0.0,
	1.719309, 1.689279, 0.0,
	1.719309, 1.957804, 0.0,
	1.719309, 2.226329, 0.0,
	1.569015, 2.494854, 0.0,
	1.418721, 2.494854, 0.0,
	1.268427, 2.494854, 0.0,
	1.118134, 2.494854, 0.0,
	1.118134, 1.152229, 0.0,
	1.268427, 1.152229, 0.0,
	1.418721, 1.152229, 0.0,
	1.569015, 1.152229, 0.0,
	-1.569015, -2.494854, 0.0,
	-1.418721, -2.494854, 0.0,
	-1.268427, -2.494854, 0.0,
	-1.118134, -2.494854, 0.0,
	-1.118134, -1.137038, 0.0,
	-1.268427, -1.137038, 0.0,
	-1.418721, -1.137038, 0.0,
	-1.569015, -1.137038, 0.0,
	1.569015, -1.137038, 0.0,
	1.418721, -1.137038, 0.0,
	1.268427, -1.137038, 0.0,
	1.118134, -1.137038, 0.0,
	1.118134, -2.494854, 0.0,
	1.268427, -2.494854, 0.0,
	1.418721, -2.494854, 0.0,
	1.569015, -2.494854, 0.0,
	-1.569015, 1.152229, 0.0,
	-1.418721, 1.152229, 0.0,
	-1.268427, 1.152229, 0.0,
	-1.118134, 1.152229, 0.0,
	-1.118134, 2.494854, 0.0,
	-1.268427, 2.494854, 0.0,
	-1.418721, 2.494854, 0.0,
	-1.569015, 2.494854, 0.0,
	0.96784, 1.420754, 0.0,
	0.96784, 1.689279, 0.0,
	0.96784, 1.957804, 0.0,
	0.96784, 2.226329, 0.0,
	0.96784, -1.408601, 0.0,
	0.96784, -1.680164, 0.0,
	0.96784, -1.951728, 0.0,
	0.96784, -2.223291, 0.0,
	-0.96784, -1.408601, 0.0,
	-0.96784, -1.680164, 0.0,
	-0.96784, -1.951728, 0.0,
	-0.96784, -2.223291, 0.0,
	-0.96784, 1.420754, 0.0,
	-0.96784, 1.689279, 0.0,
	-0.96784, 1.957804, 0.0,
	-0.96784, 2.226329, 0.0,
	-0.193568, 1.152229, 0.0,
	-0.387136, 1.152229, 0.0,
	-0.580704, 1.152229, 0.0,
	-0.774272, 1.152229, 0.0,
	-0.193568, -1.137038, 0.0,
	-0.387136, -1.137038, 0.0,
	-0.580704, -1.137038, 0.0,
	-0.774272, -1.137038, 0.0,
	-0.774272, -2.494854, 0.0,
	-0.580704, -2.494854, 0.0,
	-0.387136, -2.494854, 0.0,
	-0.193568, -2.494854, 0.0,
	0.774272, 2.494854, 0.0,
	0.580704, 2.494854, 0.0,
	0.387136, 2.494854, 0.0,
	0.193568, 2.494854, 0.0,
	0.774272, 1.152229, 0.0,
	0.580704, 1.152229, 0.0,
	0.387136, 1.152229, 0.0,
	0.193568, 1.152229, 0.0,
	0.774272, -1.137038, 0.0,
	0.580704, -1.137038, 0.0,
	0.387136, -1.137038, 0.0,
	0.193568, -1.137038, 0.0,
	0.0, 1.420754, 0.0,
	0.0, 1.689279, 0.0,
	0.0, 1.957804, 0.0,
	0.0, 2.226329, 0.0,
	0.0, 0.236522, 0.0,
	0.0, 0.465449, 0.0,
	0.0, 0.694376, 0.0,
	0.0, 0.923302, 0.0,
	0.0, -1.408601, 0.0,
	0.0, -1.680164, 0.0,
	0.0, -1.951728, 0.0,
	0.0, -2.223291, 0.0,
	0.96784, -0.908111, 0.0,
	0.96784, -0.679184, 0.0,
	0.96784, -0.450258, 0.0,
	0.96784, -0.221331, 0.0,
	-0.96784, 0.923302, 0.0,
	-0.96784, 0.694376, 0.0,
	-0.96784, 0.465449, 0.0,
	-0.96784, 0.236522, 0.0,
	0.0, -0.908111, 0.0,
	0.0, -0.679184, 0.0,
	0.0, -0.450258, 0.0,
	0.0, -0.221331, 0.0,
	0.193568, 0.007596, 0.0,
	0.387136, 0.007596, 0.0,
	0.580704, 0.007596, 0.0,
	0.774272, 0.007596, 0.0,
	-0.774272, 0.007596, 0.0,
	-0.580704, 0.007596, 0.0,
	-0.387136, 0.007596, 0.0,
	-0.193568, 0.007596, 0.0,
	-0.193568, -0.908111, 0.0,
	-0.193568, -0.679184, 0.0,
	-0.193568, -0.450258, 0.0,
	-0.193568, -0.221331, 0.0,
	-0.387136, -0.908111, 0.0,
	-0.387136, -0.679184, 0.0,
	-0.387136, -0.450258, 0.0,
	-0.387136, -0.221331, 0.0,
	-0.580704, -0.908111, 0.0,
	-0.580704, -0.679184, 0.0,
	-0.580704, -0.450258, 0.0,
	-0.580704, -0.221331, 0.0,
	-0.774272, -0.908111, 0.0,
	-0.774272, -0.679184, 0.0,
	-0.774272, -0.450258, 0.0,
	-0.774272, -0.221331, 0.0,
	0.774272, -0.908111, 0.0,
	0.774272, -0.679184, 0.0,
	0.774272, -0.450258, 0.0,
	0.774272, -0.221331, 0.0,
	0.580704, -0.908111, 0.0,
	0.580704, -0.679184, 0.0,
	0.580704, -0.450258, 0.0,
	0.580704, -0.221331, 0.0,
	0.387136, -0.908111, 0.0,
	0.387136, -0.679184, 0.0,
	0.387136, -0.450258, 0.0,
	0.387136, -0.221331, 0.0,
	0.193568, -0.908111, 0.0,
	0.193568, -0.679184, 0.0,
	0.193568, -0.450258, 0.0,
	0.193568, -0.221331, 0.0,
	-0.774272, -1.408601, 0.0,
	-0.774272, -1.680164, 0.0,
	-0.774272, -1.951728, 0.0,
	-0.774272, -2.223291, 0.0,
	-0.580704, -1.408601, 0.0,
	-0.580704, -1.680164, 0.0,
	-0.580704, -1.951728, 0.0,
	-0.580704, -2.223291, 0.0,
	-0.387136, -1.408601, 0.0,
	-0.387136, -1.680164, 0.0,
	-0.387136, -1.951728, 0.0,
	-0.387136, -2.223291, 0.0,
	-0.193568, -1.408601, 0.0,
	-0.193568, -1.680164, 0.0,
	-0.193568, -1.951728, 0.0,
	-0.193568, -2.223291, 0.0,
	0.774272, 0.236522, 0.0,
	0.774272, 0.465449, 0.0,
	0.774272, 0.694376, 0.0,
	0.774272, 0.923302, 0.0,
	0.580704, 0.236522, 0.0,
	0.580704, 0.465449, 0.0,
	0.580704, 0.694376, 0.0,
	0.580704, 0.923302, 0.0,
	0.387136, 0.236522, 0.0,
	0.387136, 0.465449, 0.0,
	0.387136, 0.694376, 0.0,
	0.387136, 0.923302, 0.0,
	0.193568, 0.236522, 0.0,
	0.193568, 0.465449, 0.0,
	0.193568, 0.694376, 0.0,
	0.193568, 0.923302, 0.0,
	0.774272, 1.420754, 0.0,
	0.774272, 1.689279, 0.0,
	0.774272, 1.957804, 0.0,
	0.774272, 2.226329, 0.0,
	0.580704, 1.420754, 0.0,
	0.580704, 1.689279, 0.0,
	0.580704, 1.957804, 0.0,
	0.580704, 2.226329, 0.0,
	0.387136, 1.420754, 0.0,
	0.387136, 1.689279, 0.0,
	0.387136, 1.957804, 0.0,
	0.387136, 2.226329, 0.0,
	0.193568, 1.420754, 0.0,
	0.193568, 1.689279, 0.0,
	0.193568, 1.957804, 0.0,
	0.193568, 2.226329, 0.0,
	-1.118134, 2.226329, 0.0,
	-1.268427, 2.226329, 0.0,
	-1.418721, 2.226329, 0.0,
	-1.569015, 2.226329, 0.0,
	-1.118134, 1.957804, 0.0,
	-1.268427, 1.957804, 0.0,
	-1.418721, 1.957804, 0.0,
	-1.569015, 1.957804, 0.0,
	-1.118134, 1.689279, 0.0,
	-1.268427, 1.689279, 0.0,
	-1.418721, 1.689279, 0.0,
	-1.569015, 1.689279, 0.0,
	-1.118134, 1.420754, 0.0,
	-1.268427, 1.420754, 0.0,
	-1.418721, 1.420754, 0.0,
	-1.569015, 1.420754, 0.0,
	-0.193568, 1.420754, 0.0,
	-0.193568, 1.689279, 0.0,
	-0.193568, 1.957804, 0.0,
	-0.193568, 2.226329, 0.0,
	-0.387136, 1.420754, 0.0,
	-0.387136, 1.689279, 0.0,
	-0.387136, 1.957804, 0.0,
	-0.387136, 2.226329, 0.0,
	-0.580704, 1.420754, 0.0,
	-0.580704, 1.689279, 0.0,
	-0.580704, 1.957804, 0.0,
	-0.580704, 2.226329, 0.0,
	-0.774272, 1.420754, 0.0,
	-0.774272, 1.689279, 0.0,
	-0.774272, 1.957804, 0.0,
	-0.774272, 2.226329, 0.0,
	1.118134, -2.223291, 0.0,
	1.268427, -2.223291, 0.0,
	1.418721, -2.223291, 0.0,
	1.569015, -2.223291, 0.0,
	1.118134, -1.951728, 0.0,
	1.268427, -1.951728, 0.0,
	1.418721, -1.951728, 0.0,
	1.569015, -1.951728, 0.0,
	1.118134, -1.680164, 0.0,
	1.268427, -1.680164, 0.0,
	1.418721, -1.680164, 0.0,
	1.569015, -1.680164, 0.0,
	1.118134, -1.408601, 0.0,
	1.268427, -1.408601, 0.0,
	1.418721, -1.408601, 0.0,
	1.569015, -1.408601, 0.0,
	-0.193568, 0.236522, 0.0,
	-0.193568, 0.465449, 0.0,
	-0.193568, 0.694376, 0.0,
	-0.193568, 0.923302, 0.0,
	-0.387136, 0.236522, 0.0,
	-0.387136, 0.465449, 0.0,
	-0.387136, 0.694376, 0.0,
	-0.387136, 0.923302, 0.0,
	-0.580704, 0.236522, 0.0,
	-0.580704, 0.465449, 0.0,
	-0.580704, 0.694376, 0.0,
	-0.580704, 0.923302, 0.0,
	-0.774272, 0.236522, 0.0,
	-0.774272, 0.465449, 0.0,
	-0.774272, 0.694376, 0.0,
	-0.774272, 0.923302, 0.0,
	-1.118134, -2.223291, 0.0,
	-1.118134, -1.951728, 0.0,
	-1.118134, -1.680164, 0.0,
	-1.118134, -1.408601, 0.0,
	-1.268427, -2.223291, 0.0,
	-1.268427, -1.951728, 0.0,
	-1.268427, -1.680164, 0.0,
	-1.268427, -1.408601, 0.0,
	-1.418721, -2.223291, 0.0,
	-1.418721, -1.951728, 0.0,
	-1.418721, -1.680164, 0.0,
	-1.418721, -1.408601, 0.0,
	-1.569015, -2.223291, 0.0,
	-1.569015, -1.951728, 0.0,
	-1.569015, -1.680164, 0.0,
	-1.569015, -1.408601, 0.0,
	0.193568, -1.408601, 0.0,
	0.193568, -1.680164, 0.0,
	0.193568, -1.951728, 0.0,
	0.193568, -2.223291, 0.0,
	0.387136, -1.408601, 0.0,
	0.387136, -1.680164, 0.0,
	0.387136, -1.951728, 0.0,
	0.387136, -2.223291, 0.0,
	0.580704, -1.408601, 0.0,
	0.580704, -1.680164, 0.0,
	0.580704, -1.951728, 0.0,
	0.580704, -2.223291, 0.0,
	0.774272, -1.408601, 0.0,
	0.774272, -1.680164, 0.0,
	0.774272, -1.951728, 0.0,
	0.774272, -2.223291, 0.0,
	1.118134, 2.226329, 0.0,
	1.118134, 1.957804, 0.0,
	1.118134, 1.689279, 0.0,
	1.118134, 1.420754, 0.0,
	1.268427, 2.226329, 0.0,
	1.268427, 1.957804, 0.0,
	1.268427, 1.689279, 0.0,
	1.268427, 1.420754, 0.0,
	1.418721, 2.226329, 0.0,
	1.418721, 1.957804, 0.0,
	1.418721, 1.689279, 0.0,
	1.418721, 1.420754, 0.0,
	1.569015, 2.226329, 0.0,
	1.569015, 1.957804, 0.0,
	1.569015, 1.689279, 0.0,
	1.569015, 1.420754, 0.0
];

/** @global Array of vertex index data */
var poly_data = [
	51, 62, 350,
	94, 26, 334,
	27, 70, 318,
	143, 106, 302,
	71, 42, 286,
	102, 34, 270,
	79, 50, 254,
	130, 118, 238,
	134, 122, 222,
	138, 114, 206,
	150, 151, 190,
	174, 21, 155,
	162, 22, 150,
	166, 158, 162,
	170, 157, 166,
	174, 156, 170,
	107, 147, 19,
	159, 148, 147,
	160, 149, 148,
	161, 150, 149,
	108, 159, 107,
	163, 160, 159,
	164, 161, 160,
	165, 162, 161,
	109, 163, 108,
	167, 164, 163,
	168, 165, 164,
	165, 170, 166,
	110, 167, 109,
	171, 168, 167,
	172, 169, 168,
	173, 170, 169,
	1, 171, 110,
	46, 172, 171,
	45, 173, 172,
	173, 43, 174,
	178, 20, 142,
	182, 154, 178,
	186, 153, 182,
	190, 152, 186,
	123, 139, 0,
	175, 140, 139,
	176, 141, 140,
	177, 142, 141,
	124, 175, 123,
	179, 176, 175,
	180, 177, 176,
	181, 178, 177,
	125, 179, 124,
	183, 180, 179,
	184, 181, 180,
	185, 182, 181,
	126, 183, 125,
	187, 184, 183,
	188, 185, 184,
	189, 186, 185,
	19, 187, 126,
	147, 188, 187,
	148, 189, 188,
	149, 190, 189,
	194, 4, 98,
	198, 111, 194,
	202, 112, 198,
	206, 113, 202,
	110, 95, 1,
	191, 96, 95,
	192, 97, 96,
	193, 98, 97,
	109, 191, 110,
	195, 192, 191,
	196, 193, 192,
	197, 194, 193,
	108, 195, 109,
	199, 196, 195,
	200, 197, 196,
	201, 198, 197,
	107, 199, 108,
	203, 200, 199,
	204, 201, 200,
	205, 202, 201,
	19, 203, 107,
	135, 204, 203,
	136, 205, 204,
	137, 206, 205,
	210, 2, 38,
	214, 119, 210,
	218, 120, 214,
	222, 121, 218,
	154, 35, 20,
	207, 36, 35,
	208, 37, 36,
	209, 38, 37,
	153, 207, 154,
	211, 208, 207,
	212, 209, 208,
	213, 210, 209,
	152, 211, 153,
	215, 212, 211,
	216, 213, 212,
	217, 214, 213,
	151, 215, 152,
	219, 216, 215,
	220, 217, 216,
	221, 218, 217,
	22, 219, 151,
	131, 220, 219,
	132, 221, 220,
	133, 222, 221,
	226, 8, 90,
	230, 115, 226,
	234, 116, 230,
	238, 117, 234,
	119, 87, 2,
	223, 88, 87,
	224, 89, 88,
	225, 90, 89,
	120, 223, 119,
	227, 224, 223,
	228, 225, 224,
	229, 226, 225,
	121, 227, 120,
	231, 228, 227,
	232, 229, 228,
	233, 230, 229,
	122, 231, 121,
	235, 232, 231,
	236, 233, 232,
	237, 234, 233,
	18, 235, 122,
	127, 236, 235,
	128, 237, 236,
	129, 238, 237,
	242, 12, 86,
	246, 47, 242,
	250, 48, 246,
	254, 49, 250,
	102, 83, 9,
	239, 84, 83,
	240, 85, 84,
	241, 86, 85,
	101, 239, 102,
	243, 240, 239,
	244, 241, 240,
	245, 242, 241,
	100, 243, 101,
	247, 244, 243,
	248, 245, 244,
	249, 246, 245,
	99, 247, 100,
	251, 248, 247,
	252, 249, 248,
	253, 250, 249,
	3, 251, 99,
	82, 252, 251,
	81, 253, 252,
	80, 254, 253,
	258, 17, 130,
	262, 31, 258,
	266, 32, 262,
	270, 33, 266,
	103, 127, 18,
	255, 128, 127,
	256, 129, 128,
	257, 130, 129,
	104, 255, 103,
	259, 256, 255,
	260, 257, 256,
	261, 258, 257,
	105, 259, 104,
	263, 260, 259,
	264, 261, 260,
	265, 262, 261,
	106, 263, 105,
	267, 264, 263,
	268, 265, 264,
	269, 266, 265,
	3, 267, 106,
	99, 268, 267,
	100, 269, 268,
	101, 270, 269,
	274, 10, 78,
	278, 39, 274,
	282, 40, 278,
	286, 41, 282,
	94, 75, 5,
	271, 76, 75,
	272, 77, 76,
	273, 78, 77,
	93, 271, 94,
	275, 272, 271,
	276, 273, 272,
	277, 274, 273,
	92, 275, 93,
	279, 276, 275,
	280, 277, 276,
	281, 278, 277,
	91, 279, 92,
	283, 280, 279,
	284, 281, 280,
	285, 282, 281,
	0, 283, 91,
	74, 284, 283,
	73, 285, 284,
	72, 286, 285,
	290, 18, 134,
	294, 103, 290,
	298, 104, 294,
	302, 105, 298,
	158, 131, 22,
	287, 132, 131,
	288, 133, 132,
	289, 134, 133,
	157, 287, 158,
	291, 288, 287,
	292, 289, 288,
	293, 290, 289,
	156, 291, 157,
	295, 292, 291,
	296, 293, 292,
	297, 294, 293,
	155, 295, 156,
	299, 296, 295,
	300, 297, 296,
	301, 298, 297,
	155, 146, 299,
	299, 145, 300,
	300, 144, 301,
	144, 302, 301,
	306, 1, 95,
	310, 67, 306,
	314, 68, 310,
	318, 69, 314,
	66, 98, 4,
	303, 97, 98,
	304, 96, 97,
	305, 95, 96,
	65, 303, 66,
	307, 304, 303,
	308, 305, 304,
	309, 306, 305,
	64, 307, 65,
	311, 308, 307,
	312, 309, 308,
	313, 310, 309,
	63, 311, 64,
	315, 312, 311,
	316, 313, 312,
	317, 314, 313,
	7, 315, 63,
	30, 316, 315,
	29, 317, 316,
	28, 318, 317,
	322, 16, 138,
	326, 23, 322,
	330, 24, 326,
	334, 25, 330,
	126, 135, 19,
	319, 136, 135,
	320, 137, 136,
	321, 138, 137,
	125, 319, 126,
	323, 320, 319,
	324, 321, 320,
	325, 322, 321,
	124, 323, 125,
	327, 324, 323,
	328, 325, 324,
	329, 326, 325,
	123, 327, 124,
	331, 328, 327,
	332, 329, 328,
	333, 330, 329,
	0, 331, 123,
	91, 332, 331,
	92, 333, 332,
	93, 334, 333,
	338, 2, 87,
	342, 59, 338,
	346, 60, 342,
	350, 61, 346,
	58, 90, 8,
	335, 89, 90,
	336, 88, 89,
	337, 87, 88,
	57, 335, 58,
	339, 336, 335,
	340, 337, 336,
	341, 338, 337,
	56, 339, 57,
	343, 340, 339,
	344, 341, 340,
	345, 342, 341,
	55, 343, 56,
	347, 344, 343,
	348, 345, 344,
	349, 346, 345,
	15, 347, 55,
	54, 348, 347,
	53, 349, 348,
	52, 350, 349,
	51, 14, 62,
	94, 5, 26,
	27, 6, 70,
	143, 3, 106,
	71, 11, 42,
	102, 9, 34,
	79, 13, 50,
	130, 17, 118,
	134, 18, 122,
	138, 16, 114,
	150, 22, 151,
	174, 43, 21,
	162, 158, 22,
	166, 157, 158,
	170, 156, 157,
	174, 155, 156,
	107, 159, 147,
	159, 160, 148,
	160, 161, 149,
	161, 162, 150,
	108, 163, 159,
	163, 164, 160,
	164, 165, 161,
	165, 166, 162,
	109, 167, 163,
	167, 168, 164,
	168, 169, 165,
	165, 169, 170,
	110, 171, 167,
	171, 172, 168,
	172, 173, 169,
	173, 174, 170,
	1, 46, 171,
	46, 45, 172,
	45, 44, 173,
	173, 44, 43,
	178, 154, 20,
	182, 153, 154,
	186, 152, 153,
	190, 151, 152,
	123, 175, 139,
	175, 176, 140,
	176, 177, 141,
	177, 178, 142,
	124, 179, 175,
	179, 180, 176,
	180, 181, 177,
	181, 182, 178,
	125, 183, 179,
	183, 184, 180,
	184, 185, 181,
	185, 186, 182,
	126, 187, 183,
	187, 188, 184,
	188, 189, 185,
	189, 190, 186,
	19, 147, 187,
	147, 148, 188,
	148, 149, 189,
	149, 150, 190,
	194, 111, 4,
	198, 112, 111,
	202, 113, 112,
	206, 114, 113,
	110, 191, 95,
	191, 192, 96,
	192, 193, 97,
	193, 194, 98,
	109, 195, 191,
	195, 196, 192,
	196, 197, 193,
	197, 198, 194,
	108, 199, 195,
	199, 200, 196,
	200, 201, 197,
	201, 202, 198,
	107, 203, 199,
	203, 204, 200,
	204, 205, 201,
	205, 206, 202,
	19, 135, 203,
	135, 136, 204,
	136, 137, 205,
	137, 138, 206,
	210, 119, 2,
	214, 120, 119,
	218, 121, 120,
	222, 122, 121,
	154, 207, 35,
	207, 208, 36,
	208, 209, 37,
	209, 210, 38,
	153, 211, 207,
	211, 212, 208,
	212, 213, 209,
	213, 214, 210,
	152, 215, 211,
	215, 216, 212,
	216, 217, 213,
	217, 218, 214,
	151, 219, 215,
	219, 220, 216,
	220, 221, 217,
	221, 222, 218,
	22, 131, 219,
	131, 132, 220,
	132, 133, 221,
	133, 134, 222,
	226, 115, 8,
	230, 116, 115,
	234, 117, 116,
	238, 118, 117,
	119, 223, 87,
	223, 224, 88,
	224, 225, 89,
	225, 226, 90,
	120, 227, 223,
	227, 228, 224,
	228, 229, 225,
	229, 230, 226,
	121, 231, 227,
	231, 232, 228,
	232, 233, 229,
	233, 234, 230,
	122, 235, 231,
	235, 236, 232,
	236, 237, 233,
	237, 238, 234,
	18, 127, 235,
	127, 128, 236,
	128, 129, 237,
	129, 130, 238,
	242, 47, 12,
	246, 48, 47,
	250, 49, 48,
	254, 50, 49,
	102, 239, 83,
	239, 240, 84,
	240, 241, 85,
	241, 242, 86,
	101, 243, 239,
	243, 244, 240,
	244, 245, 241,
	245, 246, 242,
	100, 247, 243,
	247, 248, 244,
	248, 249, 245,
	249, 250, 246,
	99, 251, 247,
	251, 252, 248,
	252, 253, 249,
	253, 254, 250,
	3, 82, 251,
	82, 81, 252,
	81, 80, 253,
	80, 79, 254,
	258, 31, 17,
	262, 32, 31,
	266, 33, 32,
	270, 34, 33,
	103, 255, 127,
	255, 256, 128,
	256, 257, 129,
	257, 258, 130,
	104, 259, 255,
	259, 260, 256,
	260, 261, 257,
	261, 262, 258,
	105, 263, 259,
	263, 264, 260,
	264, 265, 261,
	265, 266, 262,
	106, 267, 263,
	267, 268, 264,
	268, 269, 265,
	269, 270, 266,
	3, 99, 267,
	99, 100, 268,
	100, 101, 269,
	101, 102, 270,
	274, 39, 10,
	278, 40, 39,
	282, 41, 40,
	286, 42, 41,
	94, 271, 75,
	271, 272, 76,
	272, 273, 77,
	273, 274, 78,
	93, 275, 271,
	275, 276, 272,
	276, 277, 273,
	277, 278, 274,
	92, 279, 275,
	279, 280, 276,
	280, 281, 277,
	281, 282, 278,
	91, 283, 279,
	283, 284, 280,
	284, 285, 281,
	285, 286, 282,
	0, 74, 283,
	74, 73, 284,
	73, 72, 285,
	72, 71, 286,
	290, 103, 18,
	294, 104, 103,
	298, 105, 104,
	302, 106, 105,
	158, 287, 131,
	287, 288, 132,
	288, 289, 133,
	289, 290, 134,
	157, 291, 287,
	291, 292, 288,
	292, 293, 289,
	293, 294, 290,
	156, 295, 291,
	295, 296, 292,
	296, 297, 293,
	297, 298, 294,
	155, 299, 295,
	299, 300, 296,
	300, 301, 297,
	301, 302, 298,
	155, 21, 146,
	299, 146, 145,
	300, 145, 144,
	144, 143, 302,
	306, 67, 1,
	310, 68, 67,
	314, 69, 68,
	318, 70, 69,
	66, 303, 98,
	303, 304, 97,
	304, 305, 96,
	305, 306, 95,
	65, 307, 303,
	307, 308, 304,
	308, 309, 305,
	309, 310, 306,
	64, 311, 307,
	311, 312, 308,
	312, 313, 309,
	313, 314, 310,
	63, 315, 311,
	315, 316, 312,
	316, 317, 313,
	317, 318, 314,
	7, 30, 315,
	30, 29, 316,
	29, 28, 317,
	28, 27, 318,
	322, 23, 16,
	326, 24, 23,
	330, 25, 24,
	334, 26, 25,
	126, 319, 135,
	319, 320, 136,
	320, 321, 137,
	321, 322, 138,
	125, 323, 319,
	323, 324, 320,
	324, 325, 321,
	325, 326, 322,
	124, 327, 323,
	327, 328, 324,
	328, 329, 325,
	329, 330, 326,
	123, 331, 327,
	331, 332, 328,
	332, 333, 329,
	333, 334, 330,
	0, 91, 331,
	91, 92, 332,
	92, 93, 333,
	93, 94, 334,
	338, 59, 2,
	342, 60, 59,
	346, 61, 60,
	350, 62, 61,
	58, 335, 90,
	335, 336, 89,
	336, 337, 88,
	337, 338, 87,
	57, 339, 335,
	339, 340, 336,
	340, 341, 337,
	341, 342, 338,
	56, 343, 339,
	343, 344, 340,
	344, 345, 341,
	345, 346, 342,
	55, 347, 343,
	347, 348, 344,
	348, 349, 345,
	349, 350, 346,
	15, 54, 347,
	54, 53, 348,
	53, 52, 349,
	52, 51, 350
];

// Parsed 600 triangles, end autogenerated section
